-0.0001037368874895517
-0.0003840645263324517
5.126311204924643e-05
-0.0002271997393007606
0.0002062631116111326
-7.033495225379777e-05
0.0001278307175672269
-2.533495229351156e-05
-2.716928198190712e-05
-0.0001821997393562264
-0.0001821692815182672
-0.0003390645263991193
-0.0002606016755589353
-0.0002940645264733249
-0.0001056016760322276
-0.0001371997394083156
4.939832350688245e-05
1.966504765233527e-05
13.18787884041795
-29.72727270990709
-19.40000002379367
14.99999996759401
19.99999993919563
3.746650568874488e-08
-16.26666663913513
0.272727230990254
-19.39999994565896
14.99999997069914
19.99999994867062
3.857381030846886e-08
14.27878777192501
30.27272717965442
-19.39999986727515
14.9999999811674
19.99999993739142
3.896326068552282e-08
4.878787877591074
30.27272721793361
0.6000000794435894
14.99999997092673
19.99999994940836
3.903732756796419e-08
-25.66666661198398
0.2727272715395221
0.5999999993466479
14.99999997550724
19.99999994062367
3.952836489731813e-08
3.787878788481626
-29.72727267043833
0.5999999198035119
14.99999997042681
19.99999994906531
4.010061212714018e-08
14.38787868095426
-29.72727263194513
20.59999986461638
14.99999998103064
19.99999993288878
3.980930012197703e-08
-15.06666663941141
0.2727273118314239
20.59999994583311
14.99999997481426
19.99999995275685
4.052690136829571e-08
15.47878793115981
30.27272725869638
20.60000002819016
14.99999997345088
19.99999995061958
4.137373678932963e-08
